3,2
3,1
3,3
10,159
10,283
10,119
10,163
10,125
10,21
10,221
10,1
10,69
10,2
10,3
11,22
11,19
11,5
11,26
11,18
11,30
11,1
11,13
11,2
11,3
9,5
9,7
8,15
28,265
28,264
28,263
28,262
28,261
28,260
28,259
28,258
28,257
28,256
28,255
28,254
28,253
28,252
28,251
28,250
28,249
28,248
28,247
28,246
28,245
28,244
28,243
28,242
28,241
28,240
28,239
28,238
28,237
28,236
28,235
28,234
28,233
28,232
28,231
28,230
28,229
28,228
28,227
28,226
28,225
28,224
28,223
28,222
28,221
28,220
28,219
28,218
28,217
28,216
28,215
28,214
28,213
28,212
28,211
28,210
28,209
28,208
28,207
28,206
28,205
28,204
28,203
28,202
28,201
28,200
28,199
28,198
28,197
28,196
28,195
28,194
28,193
28,192
28,191
28,190
28,189
28,188
28,187
28,186
28,185
28,184
28,183
28,182
28,181
28,180
28,179
28,178
28,177
28,176
